0.000000000000000e+000	1.200000e+001	0.000000e+000	7.329209e-010
1.000000000000000e-003	1.195000e+001	1.000000e-003	1.000000e-003
2.000000000000000e-003	1.190000e+001	2.000000e-003	2.000000e-003
3.000000000000000e-003	1.185000e+001	3.000000e-003	3.000000e-003
4.000000000000000e-003	1.180000e+001	4.000000e-003	4.000000e-003
5.000000000000000e-003	1.175000e+001	5.000000e-003	5.000000e-003
6.000000000000000e-003	1.170000e+001	6.000000e-003	6.000001e-003
7.000000000000000e-003	1.165000e+001	7.000000e-003	7.000000e-003
8.000000000000000e-003	1.160000e+001	8.000000e-003	8.000000e-003
9.000000000000001e-003	1.155000e+001	9.000000e-003	9.000001e-003
1.000000000000000e-002	1.150000e+001	1.000000e-002	1.000000e-002
1.100000000000000e-002	1.145000e+001	1.100000e-002	1.100000e-002
1.200000000000000e-002	1.140000e+001	1.200000e-002	1.200000e-002
1.300000000000001e-002	1.135000e+001	1.300000e-002	1.300000e-002
1.400000000000001e-002	1.130000e+001	1.400000e-002	1.400000e-002
1.500000000000001e-002	1.125000e+001	1.500000e-002	1.500000e-002
1.600000000000001e-002	1.120000e+001	1.600000e-002	1.600000e-002
1.700000000000001e-002	1.115000e+001	1.700000e-002	1.700000e-002
1.800000000000001e-002	1.110000e+001	1.800000e-002	1.800000e-002
1.900000000000001e-002	1.105000e+001	1.900000e-002	1.900000e-002
2.000000000000001e-002	1.100000e+001	2.000000e-002	2.000000e-002
2.100000000000001e-002	1.095000e+001	2.100000e-002	2.100000e-002
2.200000000000001e-002	1.090036e+001	2.200000e-002	2.199281e-002
2.300000000000001e-002	1.085000e+001	2.300000e-002	2.300000e-002
2.400000000000001e-002	1.080000e+001	2.400000e-002	2.400000e-002
2.500000000000002e-002	1.075000e+001	2.500000e-002	2.500000e-002
2.600000000000002e-002	1.070000e+001	2.600000e-002	2.600000e-002
2.700000000000002e-002	1.065000e+001	2.700000e-002	2.700000e-002
2.800000000000002e-002	1.060000e+001	2.800000e-002	2.800000e-002
2.900000000000002e-002	1.055000e+001	2.900000e-002	2.900000e-002
3.000000000000002e-002	1.050000e+001	3.000000e-002	3.000000e-002
3.100000000000002e-002	1.045000e+001	3.100000e-002	3.100001e-002
3.200000000000002e-002	1.040000e+001	3.200000e-002	3.200001e-002
3.300000000000002e-002	1.035000e+001	3.300000e-002	3.300001e-002
3.400000000000002e-002	1.030000e+001	3.400000e-002	3.400001e-002
3.500000000000002e-002	1.025000e+001	3.500000e-002	3.500001e-002
3.600000000000003e-002	1.020000e+001	3.600000e-002	3.600001e-002
3.700000000000003e-002	1.015000e+001	3.700000e-002	3.700001e-002
3.800000000000003e-002	1.010000e+001	3.800000e-002	3.800001e-002
3.900000000000003e-002	1.005000e+001	3.900000e-002	3.900001e-002
4.000000000000003e-002	9.999999e+000	4.000000e-002	4.000001e-002
4.100000000000003e-002	9.949999e+000	4.100000e-002	4.100002e-002
4.200000000000003e-002	9.899999e+000	4.200000e-002	4.200002e-002
4.300000000000003e-002	9.849998e+000	4.300000e-002	4.300002e-002
4.400000000000003e-002	9.799998e+000	4.400000e-002	4.400003e-002
4.500000000000003e-002	9.749998e+000	4.500000e-002	4.500003e-002
4.600000000000003e-002	9.699998e+000	4.600000e-002	4.600004e-002
4.700000000000004e-002	9.649998e+000	4.700000e-002	4.700005e-002
4.800000000000004e-002	9.599997e+000	4.800000e-002	4.800006e-002
4.900000000000004e-002	9.549996e+000	4.900000e-002	4.900008e-002
5.000000000000004e-002	9.499995e+000	5.000000e-002	5.000009e-002
5.100000000000004e-002	9.449994e+000	5.100000e-002	5.100012e-002
5.200000000000004e-002	9.399992e+000	5.200000e-002	5.200016e-002
5.300000000000004e-002	9.349990e+000	5.300000e-002	5.300021e-002
5.400000000000004e-002	9.299986e+000	5.400000e-002	5.400028e-002
5.500000000000004e-002	9.249981e+000	5.500000e-002	5.500038e-002
5.600000000000004e-002	9.199974e+000	5.600000e-002	5.600052e-002
5.700000000000004e-002	9.149964e+000	5.700000e-002	5.700072e-002
5.800000000000005e-002	9.099949e+000	5.800000e-002	5.800102e-002
5.900000000000005e-002	9.049927e+000	5.900000e-002	5.900147e-002
6.000000000000005e-002	8.999893e+000	6.000000e-002	6.000213e-002
6.100000000000005e-002	8.949845e+000	6.100000e-002	6.100310e-002
6.200000000000005e-002	8.899774e+000	6.200000e-002	6.200453e-002
6.300000000000004e-002	8.849670e+000	6.300000e-002	6.300659e-002
6.400000000000004e-002	8.799522e+000	6.400000e-002	6.400955e-002
6.500000000000004e-002	8.749316e+000	6.500000e-002	6.501368e-002
6.600000000000005e-002	8.699034e+000	6.600000e-002	6.601933e-002
6.700000000000005e-002	8.648661e+000	6.700000e-002	6.702679e-002
6.800000000000005e-002	8.598192e+000	6.800000e-002	6.803616e-002
6.900000000000005e-002	8.547669e+000	6.900000e-002	6.904662e-002
7.000000000000005e-002	8.497250e+000	7.000000e-002	7.005500e-002
7.100000000000005e-002	8.447256e+000	7.100000e-002	7.105488e-002
7.200000000000005e-002	8.398092e+000	7.200000e-002	7.203815e-002
7.300000000000005e-002	8.350161e+000	7.300000e-002	7.299678e-002
7.400000000000005e-002	8.303844e+000	7.400000e-002	7.392310e-002
7.500000000000005e-002	8.259493e+000	7.500000e-002	7.481015e-002
7.600000000000005e-002	8.217389e+000	7.600000e-002	7.565221e-002
7.700000000000006e-002	8.177703e+000	7.700000e-002	7.644594e-002
7.800000000000006e-002	8.140336e+000	7.800000e-002	7.719328e-002
7.900000000000006e-002	8.104469e+000	7.900000e-002	7.791062e-002
8.000000000000006e-002	8.263881e+000	8.000000e-002	7.472239e-002
8.100000000000006e-002	1.026851e+001	8.100000e-002	3.462974e-002
8.200000000000006e-002	1.135779e+001	8.200000e-002	1.284422e-002
8.300000000000006e-002	1.193089e+001	8.300000e-002	1.382105e-003
8.400000000000006e-002	1.203316e+001	8.400000e-002	-6.631560e-004
8.500000000000006e-002	1.207376e+001	8.500000e-002	-1.475182e-003
8.600000000000006e-002	1.221159e+001	8.600000e-002	-4.231772e-003
8.700000000000006e-002	1.232088e+001	8.700000e-002	-6.417593e-003
8.800000000000006e-002	1.238851e+001	8.800000e-002	-7.770202e-003
8.900000000000007e-002	1.250640e+001	8.900000e-002	-1.012803e-002
9.000000000000007e-002	1.258984e+001	9.000000e-002	-1.179671e-002
9.100000000000007e-002	1.254115e+001	9.100000e-002	-1.082298e-002
9.200000000000007e-002	1.259636e+001	9.200000e-002	-1.192727e-002
9.300000000000007e-002	1.265629e+001	9.300000e-002	-1.312578e-002
9.400000000000007e-002	1.267191e+001	9.400000e-002	-1.343815e-002
9.500000000000007e-002	1.273041e+001	9.500000e-002	-1.460828e-002
9.600000000000007e-002	1.275474e+001	9.600000e-002	-1.509471e-002
9.700000000000007e-002	1.282293e+001	9.700000e-002	-1.645857e-002
9.800000000000007e-002	1.281584e+001	9.800000e-002	-1.631678e-002
9.900000000000007e-002	1.287814e+001	9.900000e-002	-1.756272e-002
1.000000000000000e-001	1.294064e+001	1.000000e-001	-1.881281e-002
