0.000000000000000e+000	1.200000e+001
1.000000000000000e-004	1.199500e+001
2.000000000000000e-004	1.198999e+001
3.000000000000000e-004	1.198499e+001
4.000000000000000e-004	1.197999e+001
5.000000000000000e-004	1.197499e+001
6.000000000000001e-004	1.196998e+001
7.000000000000001e-004	1.196498e+001
8.000000000000002e-004	1.195998e+001
9.000000000000002e-004	1.195498e+001
1.000000000000000e-003	1.194998e+001
1.100000000000000e-003	1.194497e+001
1.200000000000000e-003	1.193997e+001
1.300000000000000e-003	1.193497e+001
1.400000000000000e-003	1.192997e+001
1.500000000000001e-003	1.192496e+001
1.600000000000001e-003	1.191996e+001
1.700000000000001e-003	1.191496e+001
1.800000000000001e-003	1.190996e+001
1.900000000000001e-003	1.190496e+001
2.000000000000001e-003	1.189996e+001
2.100000000000000e-003	1.189495e+001
2.200000000000000e-003	1.188995e+001
2.300000000000000e-003	1.188495e+001
2.400000000000000e-003	1.187995e+001
2.500000000000000e-003	1.187495e+001
2.599999999999999e-003	1.186995e+001
2.699999999999999e-003	1.186495e+001
2.799999999999999e-003	1.185994e+001
2.899999999999999e-003	1.185494e+001
2.999999999999999e-003	1.184994e+001
3.099999999999999e-003	1.184494e+001
3.199999999999998e-003	1.183994e+001
3.299999999999998e-003	1.183494e+001
3.399999999999998e-003	1.182994e+001
3.499999999999998e-003	1.182493e+001
3.599999999999998e-003	1.181993e+001
3.699999999999998e-003	1.181493e+001
3.799999999999997e-003	1.180993e+001
3.899999999999997e-003	1.180493e+001
3.999999999999998e-003	1.179993e+001
4.099999999999998e-003	1.179492e+001
4.199999999999998e-003	1.178992e+001
4.299999999999998e-003	1.178492e+001
4.399999999999999e-003	1.177992e+001
4.499999999999999e-003	1.177492e+001
4.599999999999999e-003	1.176992e+001
4.699999999999999e-003	1.176492e+001
4.800000000000000e-003	1.175992e+001
4.900000000000000e-003	1.175491e+001
5.000000000000000e-003	1.174991e+001
5.100000000000000e-003	1.174491e+001
5.200000000000001e-003	1.173991e+001
5.300000000000001e-003	1.173491e+001
5.400000000000001e-003	1.172991e+001
5.500000000000001e-003	1.172491e+001
5.600000000000002e-003	1.171991e+001
5.700000000000002e-003	1.171490e+001
5.800000000000002e-003	1.170990e+001
5.900000000000003e-003	1.170490e+001
6.000000000000003e-003	1.169990e+001
6.100000000000003e-003	1.169490e+001
6.200000000000003e-003	1.168990e+001
6.300000000000004e-003	1.168490e+001
6.400000000000004e-003	1.167990e+001
6.500000000000004e-003	1.167489e+001
6.600000000000004e-003	1.166989e+001
6.700000000000005e-003	1.166489e+001
6.800000000000005e-003	1.165989e+001
6.900000000000005e-003	1.165489e+001
7.000000000000005e-003	1.164989e+001
7.100000000000006e-003	1.164489e+001
7.200000000000006e-003	1.163989e+001
7.300000000000006e-003	1.163488e+001
7.400000000000006e-003	1.162988e+001
7.500000000000007e-003	1.162488e+001
7.600000000000007e-003	1.161988e+001
7.700000000000007e-003	1.161488e+001
7.800000000000007e-003	1.160988e+001
7.900000000000008e-003	1.160488e+001
8.000000000000007e-003	1.159988e+001
8.100000000000007e-003	1.159488e+001
8.200000000000006e-003	1.158987e+001
8.300000000000005e-003	1.158487e+001
8.400000000000005e-003	1.157987e+001
8.500000000000004e-003	1.157487e+001
8.600000000000004e-003	1.156987e+001
8.700000000000003e-003	1.156487e+001
8.800000000000002e-003	1.155987e+001
8.900000000000002e-003	1.155487e+001
9.000000000000001e-003	1.154986e+001
9.100000000000000e-003	1.154486e+001
9.200000000000000e-003	1.153986e+001
9.299999999999999e-003	1.153486e+001
9.399999999999999e-003	1.152986e+001
9.499999999999998e-003	1.152486e+001
9.599999999999997e-003	1.151986e+001
9.699999999999997e-003	1.151486e+001
9.799999999999996e-003	1.150986e+001
9.899999999999996e-003	1.150485e+001
9.999999999999995e-003	1.149985e+001
1.009999999999999e-002	1.149485e+001
1.019999999999999e-002	1.148985e+001
1.029999999999999e-002	1.148485e+001
1.039999999999999e-002	1.147985e+001
1.049999999999999e-002	1.147485e+001
1.059999999999999e-002	1.146985e+001
1.069999999999999e-002	1.146484e+001
1.079999999999999e-002	1.145984e+001
1.089999999999999e-002	1.145484e+001
1.099999999999999e-002	1.144984e+001
1.109999999999999e-002	1.144484e+001
1.119999999999999e-002	1.143984e+001
1.129999999999999e-002	1.143484e+001
1.139999999999999e-002	1.142984e+001
1.149999999999999e-002	1.142484e+001
1.159999999999999e-002	1.141983e+001
1.169999999999999e-002	1.141483e+001
1.179999999999998e-002	1.140983e+001
1.189999999999998e-002	1.140483e+001
1.199999999999998e-002	1.139983e+001
1.209999999999998e-002	1.139483e+001
1.219999999999998e-002	1.138983e+001
1.229999999999998e-002	1.138483e+001
1.239999999999998e-002	1.137982e+001
1.249999999999998e-002	1.137482e+001
1.259999999999998e-002	1.136982e+001
1.269999999999998e-002	1.136482e+001
1.279999999999998e-002	1.135982e+001
1.289999999999998e-002	1.135482e+001
1.299999999999998e-002	1.134982e+001
1.309999999999998e-002	1.134482e+001
1.319999999999998e-002	1.133982e+001
1.329999999999998e-002	1.133481e+001
1.339999999999997e-002	1.132981e+001
1.349999999999997e-002	1.132481e+001
1.359999999999997e-002	1.131981e+001
1.369999999999997e-002	1.131481e+001
1.379999999999997e-002	1.130981e+001
1.389999999999997e-002	1.130481e+001
1.399999999999997e-002	1.129981e+001
1.409999999999997e-002	1.129480e+001
1.419999999999997e-002	1.128980e+001
1.429999999999997e-002	1.128480e+001
1.439999999999997e-002	1.127980e+001
1.449999999999997e-002	1.127480e+001
1.459999999999997e-002	1.126980e+001
1.469999999999997e-002	1.126480e+001
1.479999999999997e-002	1.125980e+001
1.489999999999997e-002	1.125480e+001
1.499999999999997e-002	1.124979e+001
1.509999999999996e-002	1.124479e+001
1.519999999999996e-002	1.123979e+001
1.529999999999996e-002	1.123479e+001
1.539999999999996e-002	1.122979e+001
1.549999999999996e-002	1.122479e+001
1.559999999999996e-002	1.121979e+001
1.569999999999996e-002	1.121479e+001
1.579999999999996e-002	1.120978e+001
1.589999999999996e-002	1.120478e+001
1.599999999999996e-002	1.119978e+001
1.609999999999996e-002	1.119478e+001
1.619999999999996e-002	1.118978e+001
1.629999999999996e-002	1.118478e+001
1.639999999999996e-002	1.117978e+001
1.649999999999996e-002	1.117478e+001
1.659999999999996e-002	1.116977e+001
1.669999999999995e-002	1.116477e+001
1.679999999999995e-002	1.115977e+001
1.689999999999995e-002	1.115477e+001
1.699999999999995e-002	1.114977e+001
1.709999999999995e-002	1.114477e+001
1.719999999999995e-002	1.113977e+001
1.729999999999995e-002	1.113477e+001
1.739999999999995e-002	1.112976e+001
1.749999999999995e-002	1.112476e+001
1.759999999999995e-002	1.111976e+001
1.769999999999995e-002	1.111476e+001
1.779999999999995e-002	1.110976e+001
1.789999999999995e-002	1.110476e+001
1.799999999999995e-002	1.109976e+001
1.809999999999995e-002	1.109476e+001
1.819999999999995e-002	1.108975e+001
1.829999999999995e-002	1.108475e+001
1.839999999999994e-002	1.107975e+001
1.849999999999994e-002	1.107475e+001
1.859999999999994e-002	1.106975e+001
1.869999999999994e-002	1.106475e+001
1.879999999999994e-002	1.105975e+001
1.889999999999994e-002	1.105474e+001
1.899999999999994e-002	1.104974e+001
1.909999999999994e-002	1.104474e+001
1.919999999999994e-002	1.103974e+001
1.929999999999994e-002	1.103474e+001
1.939999999999994e-002	1.102974e+001
1.949999999999994e-002	1.102474e+001
1.959999999999994e-002	1.101974e+001
1.969999999999994e-002	1.101473e+001
1.979999999999994e-002	1.100973e+001
1.989999999999994e-002	1.100473e+001
1.999999999999993e-002	1.099973e+001
2.009999999999993e-002	1.099473e+001
2.019999999999993e-002	1.098973e+001
2.029999999999993e-002	1.098472e+001
2.039999999999993e-002	1.097972e+001
2.049999999999993e-002	1.097472e+001
2.059999999999993e-002	1.096972e+001
2.069999999999993e-002	1.096472e+001
2.079999999999993e-002	1.095972e+001
2.089999999999993e-002	1.095472e+001
2.099999999999993e-002	1.094972e+001
2.109999999999993e-002	1.094471e+001
2.119999999999993e-002	1.093971e+001
2.129999999999993e-002	1.093471e+001
2.139999999999993e-002	1.092971e+001
2.149999999999993e-002	1.092471e+001
2.159999999999993e-002	1.091971e+001
2.169999999999992e-002	1.091471e+001
2.179999999999992e-002	1.090970e+001
2.189999999999992e-002	1.090470e+001
2.199999999999992e-002	1.089970e+001
2.209999999999992e-002	1.089470e+001
2.219999999999992e-002	1.088970e+001
2.229999999999992e-002	1.088470e+001
2.239999999999992e-002	1.087969e+001
2.249999999999992e-002	1.087469e+001
2.259999999999992e-002	1.086969e+001
2.269999999999992e-002	1.086469e+001
2.279999999999992e-002	1.085969e+001
2.289999999999992e-002	1.085469e+001
2.299999999999992e-002	1.084969e+001
2.309999999999992e-002	1.084468e+001
2.319999999999992e-002	1.083968e+001
2.329999999999992e-002	1.083468e+001
2.339999999999991e-002	1.082968e+001
2.349999999999991e-002	1.082468e+001
2.359999999999991e-002	1.081968e+001
2.369999999999991e-002	1.081467e+001
2.379999999999991e-002	1.080967e+001
2.389999999999991e-002	1.080467e+001
2.399999999999991e-002	1.079967e+001
2.409999999999991e-002	1.079467e+001
2.419999999999991e-002	1.078967e+001
2.429999999999991e-002	1.078467e+001
2.439999999999991e-002	1.077966e+001
2.449999999999991e-002	1.077466e+001
2.459999999999991e-002	1.076966e+001
2.469999999999991e-002	1.076466e+001
2.479999999999991e-002	1.075966e+001
2.489999999999991e-002	1.075465e+001
2.499999999999990e-002	1.074965e+001
2.509999999999990e-002	1.074465e+001
2.519999999999990e-002	1.073965e+001
2.529999999999990e-002	1.073465e+001
2.539999999999990e-002	1.072965e+001
2.549999999999990e-002	1.072464e+001
2.559999999999990e-002	1.071964e+001
2.569999999999990e-002	1.071464e+001
2.579999999999990e-002	1.070964e+001
2.589999999999990e-002	1.070464e+001
2.599999999999990e-002	1.069964e+001
2.609999999999990e-002	1.069463e+001
2.619999999999990e-002	1.068963e+001
2.629999999999990e-002	1.068463e+001
2.639999999999990e-002	1.067963e+001
2.649999999999990e-002	1.067463e+001
2.659999999999990e-002	1.066962e+001
2.669999999999989e-002	1.066462e+001
2.679999999999989e-002	1.065962e+001
2.689999999999989e-002	1.065462e+001
2.699999999999989e-002	1.064962e+001
2.709999999999989e-002	1.064462e+001
2.719999999999989e-002	1.063961e+001
2.729999999999989e-002	1.063461e+001
2.739999999999989e-002	1.062961e+001
2.749999999999989e-002	1.062461e+001
2.759999999999989e-002	1.061961e+001
2.769999999999989e-002	1.061460e+001
2.779999999999989e-002	1.060960e+001
2.789999999999989e-002	1.060460e+001
2.799999999999989e-002	1.059960e+001
2.809999999999989e-002	1.059460e+001
2.819999999999989e-002	1.058959e+001
2.829999999999988e-002	1.058459e+001
2.839999999999988e-002	1.057959e+001
2.849999999999988e-002	1.057459e+001
2.859999999999988e-002	1.056959e+001
2.869999999999988e-002	1.056458e+001
2.879999999999988e-002	1.055958e+001
2.889999999999988e-002	1.055458e+001
2.899999999999988e-002	1.054958e+001
2.909999999999988e-002	1.054457e+001
2.919999999999988e-002	1.053957e+001
2.929999999999988e-002	1.053457e+001
2.939999999999988e-002	1.052957e+001
2.949999999999988e-002	1.052457e+001
2.959999999999988e-002	1.051956e+001
2.969999999999988e-002	1.051456e+001
2.979999999999988e-002	1.050956e+001
2.989999999999988e-002	1.050456e+001
2.999999999999987e-002	1.049956e+001
3.009999999999987e-002	1.049455e+001
3.019999999999987e-002	1.048955e+001
3.029999999999987e-002	1.048455e+001
3.039999999999987e-002	1.047955e+001
3.049999999999987e-002	1.047454e+001
3.059999999999987e-002	1.046954e+001
3.069999999999987e-002	1.046454e+001
3.079999999999987e-002	1.045954e+001
3.089999999999987e-002	1.045453e+001
3.099999999999987e-002	1.044953e+001
3.109999999999987e-002	1.044453e+001
3.119999999999987e-002	1.043953e+001
3.129999999999987e-002	1.043453e+001
3.139999999999987e-002	1.042952e+001
3.149999999999988e-002	1.042452e+001
3.159999999999988e-002	1.041952e+001
3.169999999999988e-002	1.041452e+001
3.179999999999988e-002	1.040951e+001
3.189999999999989e-002	1.040451e+001
3.199999999999989e-002	1.039951e+001
3.209999999999989e-002	1.039451e+001
3.219999999999990e-002	1.038950e+001
3.229999999999990e-002	1.038450e+001
3.239999999999990e-002	1.037950e+001
3.249999999999990e-002	1.037449e+001
3.259999999999991e-002	1.036949e+001
3.269999999999991e-002	1.036449e+001
3.279999999999991e-002	1.035949e+001
3.289999999999992e-002	1.035448e+001
3.299999999999992e-002	1.034948e+001
3.309999999999992e-002	1.034448e+001
3.319999999999992e-002	1.033948e+001
3.329999999999993e-002	1.033447e+001
3.339999999999993e-002	1.032947e+001
3.349999999999993e-002	1.032447e+001
3.359999999999994e-002	1.031946e+001
3.369999999999994e-002	1.031446e+001
3.379999999999994e-002	1.030946e+001
3.389999999999994e-002	1.030446e+001
3.399999999999995e-002	1.029945e+001
3.409999999999995e-002	1.029445e+001
3.419999999999995e-002	1.028945e+001
3.429999999999996e-002	1.028444e+001
3.439999999999996e-002	1.027944e+001
3.449999999999996e-002	1.027444e+001
3.459999999999996e-002	1.026944e+001
3.469999999999997e-002	1.026443e+001
3.479999999999997e-002	1.025943e+001
3.489999999999997e-002	1.025443e+001
3.499999999999998e-002	1.024942e+001
3.509999999999998e-002	1.024442e+001
3.519999999999998e-002	1.023942e+001
3.529999999999998e-002	1.023441e+001
3.539999999999999e-002	1.022941e+001
3.549999999999999e-002	1.022441e+001
3.559999999999999e-002	1.021940e+001
3.570000000000000e-002	1.021440e+001
3.580000000000000e-002	1.020940e+001
3.590000000000000e-002	1.020439e+001
3.600000000000000e-002	1.019939e+001
3.610000000000001e-002	1.019439e+001
3.620000000000001e-002	1.018938e+001
3.630000000000001e-002	1.018438e+001
3.640000000000002e-002	1.017938e+001
3.650000000000002e-002	1.017437e+001
3.660000000000002e-002	1.016937e+001
3.670000000000002e-002	1.016437e+001
3.680000000000003e-002	1.015936e+001
3.690000000000003e-002	1.015436e+001
3.700000000000003e-002	1.014935e+001
3.710000000000004e-002	1.014435e+001
3.720000000000004e-002	1.013935e+001
3.730000000000004e-002	1.013434e+001
3.740000000000004e-002	1.012934e+001
3.750000000000005e-002	1.012434e+001
3.760000000000005e-002	1.011933e+001
3.770000000000005e-002	1.011433e+001
3.780000000000006e-002	1.010932e+001
3.790000000000006e-002	1.010432e+001
3.800000000000006e-002	1.009932e+001
3.810000000000006e-002	1.009431e+001
3.820000000000007e-002	1.008931e+001
3.830000000000007e-002	1.008430e+001
3.840000000000007e-002	1.007930e+001
3.850000000000008e-002	1.007430e+001
3.860000000000008e-002	1.006929e+001
3.870000000000008e-002	1.006429e+001
3.880000000000008e-002	1.005928e+001
3.890000000000009e-002	1.005428e+001
3.900000000000009e-002	1.004928e+001
3.910000000000009e-002	1.004427e+001
3.920000000000010e-002	1.003927e+001
3.930000000000010e-002	1.003426e+001
3.940000000000010e-002	1.002926e+001
3.950000000000010e-002	1.002425e+001
3.960000000000011e-002	1.001925e+001
3.970000000000011e-002	1.001424e+001
3.980000000000011e-002	1.000924e+001
3.990000000000012e-002	1.000424e+001
4.000000000000012e-002	9.999230e+000
4.010000000000012e-002	9.994226e+000
4.020000000000013e-002	9.989221e+000
4.030000000000013e-002	9.984216e+000
4.040000000000013e-002	9.979211e+000
4.050000000000013e-002	9.974206e+000
4.060000000000014e-002	9.969201e+000
4.070000000000014e-002	9.964196e+000
4.080000000000014e-002	9.959191e+000
4.090000000000015e-002	9.954185e+000
4.100000000000015e-002	9.949181e+000
4.110000000000015e-002	9.944176e+000
4.120000000000015e-002	9.939170e+000
4.130000000000016e-002	9.934165e+000
4.140000000000016e-002	9.929159e+000
4.150000000000016e-002	9.924154e+000
4.160000000000017e-002	9.919148e+000
4.170000000000017e-002	9.914144e+000
4.180000000000017e-002	9.909138e+000
4.190000000000017e-002	9.904132e+000
4.200000000000018e-002	9.899126e+000
4.210000000000018e-002	9.894120e+000
4.220000000000018e-002	9.889114e+000
4.230000000000019e-002	9.884109e+000
4.240000000000019e-002	9.879103e+000
4.250000000000019e-002	9.874097e+000
4.260000000000019e-002	9.869091e+000
4.270000000000020e-002	9.864085e+000
4.280000000000020e-002	9.859079e+000
4.290000000000020e-002	9.854073e+000
4.300000000000021e-002	9.849067e+000
4.310000000000021e-002	9.844060e+000
4.320000000000021e-002	9.839054e+000
4.330000000000021e-002	9.834047e+000
4.340000000000022e-002	9.829041e+000
4.350000000000022e-002	9.824035e+000
4.360000000000022e-002	9.819028e+000
4.370000000000023e-002	9.814021e+000
4.380000000000023e-002	9.809014e+000
4.390000000000023e-002	9.804008e+000
4.400000000000023e-002	9.799001e+000
4.410000000000024e-002	9.793993e+000
4.420000000000024e-002	9.788986e+000
4.430000000000024e-002	9.783979e+000
4.440000000000025e-002	9.778972e+000
4.450000000000025e-002	9.773965e+000
4.460000000000025e-002	9.768957e+000
4.470000000000025e-002	9.763950e+000
4.480000000000026e-002	9.758943e+000
4.490000000000026e-002	9.753935e+000
4.500000000000026e-002	9.748927e+000
4.510000000000027e-002	9.743919e+000
4.520000000000027e-002	9.738912e+000
4.530000000000027e-002	9.733904e+000
4.540000000000027e-002	9.728896e+000
4.550000000000028e-002	9.723887e+000
4.560000000000028e-002	9.718880e+000
4.570000000000028e-002	9.713871e+000
4.580000000000029e-002	9.708863e+000
4.590000000000029e-002	9.703855e+000
4.600000000000029e-002	9.698846e+000
4.610000000000029e-002	9.693837e+000
4.620000000000030e-002	9.688828e+000
4.630000000000030e-002	9.683820e+000
4.640000000000030e-002	9.678811e+000
4.650000000000031e-002	9.673801e+000
4.660000000000031e-002	9.668793e+000
4.670000000000031e-002	9.663783e+000
4.680000000000031e-002	9.658774e+000
4.690000000000032e-002	9.653765e+000
4.700000000000032e-002	9.648755e+000
4.710000000000032e-002	9.643745e+000
4.720000000000033e-002	9.638736e+000
4.730000000000033e-002	9.633726e+000
4.740000000000033e-002	9.628716e+000
4.750000000000033e-002	9.623706e+000
4.760000000000034e-002	9.618695e+000
4.770000000000034e-002	9.613685e+000
4.780000000000034e-002	9.608675e+000
4.790000000000035e-002	9.603664e+000
4.800000000000035e-002	9.598654e+000
4.810000000000035e-002	9.593642e+000
4.820000000000035e-002	9.588632e+000
4.830000000000036e-002	9.583620e+000
4.840000000000036e-002	9.578609e+000
4.850000000000036e-002	9.573598e+000
4.860000000000037e-002	9.568586e+000
4.870000000000037e-002	9.563575e+000
4.880000000000037e-002	9.558563e+000
4.890000000000037e-002	9.553551e+000
4.900000000000038e-002	9.548539e+000
4.910000000000038e-002	9.543527e+000
4.920000000000038e-002	9.538514e+000
4.930000000000039e-002	9.533502e+000
4.940000000000039e-002	9.528489e+000
4.950000000000039e-002	9.523477e+000
4.960000000000039e-002	9.518463e+000
4.970000000000040e-002	9.513451e+000
4.980000000000040e-002	9.508437e+000
4.990000000000040e-002	9.503424e+000
5.000000000000041e-002	9.498410e+000
5.010000000000041e-002	9.493396e+000
5.020000000000041e-002	9.488382e+000
5.030000000000041e-002	9.483368e+000
5.040000000000042e-002	9.478354e+000
5.050000000000042e-002	9.473339e+000
5.060000000000042e-002	9.468324e+000
5.070000000000043e-002	9.463309e+000
5.080000000000043e-002	9.458294e+000
5.090000000000043e-002	9.453279e+000
5.100000000000043e-002	9.448263e+000
5.110000000000044e-002	9.443248e+000
5.120000000000044e-002	9.438231e+000
5.130000000000044e-002	9.433216e+000
5.140000000000045e-002	9.428200e+000
5.150000000000045e-002	9.423182e+000
5.160000000000045e-002	9.418166e+000
5.170000000000045e-002	9.413149e+000
5.180000000000046e-002	9.408132e+000
5.190000000000046e-002	9.403114e+000
5.200000000000046e-002	9.398097e+000
5.210000000000047e-002	9.393079e+000
5.220000000000047e-002	9.388061e+000
5.230000000000047e-002	9.383042e+000
5.240000000000047e-002	9.378023e+000
5.250000000000048e-002	9.373005e+000
5.260000000000048e-002	9.367986e+000
5.270000000000048e-002	9.362966e+000
5.280000000000049e-002	9.357946e+000
5.290000000000049e-002	9.352926e+000
5.300000000000049e-002	9.347906e+000
5.310000000000049e-002	9.342886e+000
5.320000000000050e-002	9.337865e+000
5.330000000000050e-002	9.332844e+000
5.340000000000050e-002	9.327823e+000
5.350000000000051e-002	9.322801e+000
5.360000000000051e-002	9.317779e+000
5.370000000000051e-002	9.312757e+000
5.380000000000051e-002	9.307734e+000
5.390000000000052e-002	9.302711e+000
5.400000000000052e-002	9.297688e+000
5.410000000000052e-002	9.292664e+000
5.420000000000053e-002	9.287640e+000
5.430000000000053e-002	9.282616e+000
5.440000000000053e-002	9.277591e+000
5.450000000000053e-002	9.272566e+000
5.460000000000054e-002	9.267541e+000
5.470000000000054e-002	9.262515e+000
5.480000000000054e-002	9.257488e+000
5.490000000000055e-002	9.252462e+000
5.500000000000055e-002	9.247436e+000
5.510000000000055e-002	9.242408e+000
5.520000000000055e-002	9.237380e+000
5.530000000000056e-002	9.232352e+000
5.540000000000056e-002	9.227324e+000
5.550000000000056e-002	9.222295e+000
5.560000000000057e-002	9.217265e+000
5.570000000000057e-002	9.212235e+000
5.580000000000057e-002	9.207205e+000
5.590000000000057e-002	9.202174e+000
5.600000000000058e-002	9.197144e+000
5.610000000000058e-002	9.192112e+000
5.620000000000058e-002	9.187079e+000
5.630000000000059e-002	9.182047e+000
5.640000000000059e-002	9.177013e+000
5.650000000000059e-002	9.171980e+000
5.660000000000059e-002	9.166945e+000
5.670000000000060e-002	9.161911e+000
5.680000000000060e-002	9.156876e+000
5.690000000000060e-002	9.151840e+000
5.700000000000061e-002	9.146804e+000
5.710000000000061e-002	9.141767e+000
5.720000000000061e-002	9.136729e+000
5.730000000000061e-002	9.131691e+000
5.740000000000062e-002	9.126653e+000
5.750000000000062e-002	9.121614e+000
5.760000000000062e-002	9.116573e+000
5.770000000000063e-002	9.111533e+000
5.780000000000063e-002	9.106492e+000
5.790000000000063e-002	9.101450e+000
5.800000000000063e-002	9.096408e+000
5.810000000000064e-002	9.091365e+000
5.820000000000064e-002	9.086321e+000
5.830000000000064e-002	9.081276e+000
5.840000000000065e-002	9.076231e+000
5.850000000000065e-002	9.071185e+000
5.860000000000065e-002	9.066138e+000
5.870000000000065e-002	9.061090e+000
5.880000000000066e-002	9.056043e+000
5.890000000000066e-002	9.050994e+000
5.900000000000066e-002	9.045944e+000
5.910000000000067e-002	9.040894e+000
5.920000000000067e-002	9.035842e+000
5.930000000000067e-002	9.030789e+000
5.940000000000067e-002	9.025737e+000
5.950000000000068e-002	9.020682e+000
5.960000000000068e-002	9.015628e+000
5.970000000000068e-002	9.010571e+000
5.980000000000069e-002	9.005515e+000
5.990000000000069e-002	9.000458e+000
6.000000000000069e-002	8.995399e+000
6.010000000000070e-002	8.990339e+000
6.020000000000070e-002	8.985279e+000
6.030000000000070e-002	8.980217e+000
6.040000000000070e-002	8.975155e+000
6.050000000000071e-002	8.970091e+000
6.060000000000071e-002	8.965027e+000
6.070000000000071e-002	8.959961e+000
6.080000000000072e-002	8.954894e+000
6.090000000000072e-002	8.949826e+000
6.100000000000072e-002	8.944757e+000
6.110000000000072e-002	8.939687e+000
6.120000000000073e-002	8.934615e+000
6.130000000000073e-002	8.929543e+000
6.140000000000073e-002	8.924469e+000
6.150000000000074e-002	8.919394e+000
6.160000000000074e-002	8.914318e+000
6.170000000000074e-002	8.909240e+000
6.180000000000074e-002	8.904161e+000
6.190000000000075e-002	8.899081e+000
6.200000000000075e-002	8.894000e+000
6.210000000000075e-002	8.888917e+000
6.220000000000076e-002	8.883832e+000
6.230000000000076e-002	8.878747e+000
6.240000000000076e-002	8.873659e+000
6.250000000000076e-002	8.868571e+000
6.260000000000077e-002	8.863481e+000
6.270000000000077e-002	8.858389e+000
6.280000000000077e-002	8.853296e+000
6.290000000000078e-002	8.848201e+000
6.300000000000078e-002	8.843104e+000
6.310000000000078e-002	8.838007e+000
6.320000000000078e-002	8.832907e+000
6.330000000000079e-002	8.827806e+000
6.340000000000079e-002	8.822702e+000
6.350000000000079e-002	8.817598e+000
6.360000000000080e-002	8.812491e+000
6.370000000000080e-002	8.807384e+000
6.380000000000080e-002	8.802273e+000
6.390000000000080e-002	8.797161e+000
6.400000000000081e-002	8.792048e+000
6.410000000000081e-002	8.786932e+000
6.420000000000081e-002	8.781814e+000
6.430000000000082e-002	8.776694e+000
6.440000000000082e-002	8.771573e+000
6.450000000000082e-002	8.766449e+000
6.460000000000082e-002	8.761323e+000
6.470000000000083e-002	8.756195e+000
6.480000000000083e-002	8.751065e+000
6.490000000000083e-002	8.745934e+000
6.500000000000084e-002	8.740799e+000
6.510000000000084e-002	8.735662e+000
6.520000000000084e-002	8.730524e+000
6.530000000000084e-002	8.725383e+000
6.540000000000085e-002	8.720240e+000
6.550000000000085e-002	8.715094e+000
6.560000000000085e-002	8.709946e+000
6.570000000000086e-002	8.704795e+000
6.580000000000086e-002	8.699642e+000
6.590000000000086e-002	8.694487e+000
6.600000000000086e-002	8.689328e+000
6.610000000000087e-002	8.684168e+000
6.620000000000087e-002	8.679005e+000
6.630000000000087e-002	8.673839e+000
6.640000000000088e-002	8.668670e+000
6.650000000000088e-002	8.663499e+000
6.660000000000088e-002	8.658324e+000
6.670000000000088e-002	8.653148e+000
6.680000000000089e-002	8.647968e+000
6.690000000000089e-002	8.642786e+000
6.700000000000089e-002	8.637600e+000
6.710000000000090e-002	8.632412e+000
6.720000000000090e-002	8.627220e+000
6.730000000000090e-002	8.622026e+000
6.740000000000090e-002	8.616829e+000
6.750000000000091e-002	8.611629e+000
6.760000000000091e-002	8.606424e+000
6.770000000000091e-002	8.601217e+000
6.780000000000092e-002	8.596007e+000
6.790000000000092e-002	8.590795e+000
6.800000000000092e-002	8.585578e+000
6.810000000000092e-002	8.580358e+000
6.820000000000093e-002	8.575134e+000
6.830000000000093e-002	8.569908e+000
6.840000000000093e-002	8.564678e+000
6.850000000000094e-002	8.559444e+000
6.860000000000094e-002	8.554207e+000
6.870000000000094e-002	8.548966e+000
6.880000000000094e-002	8.543722e+000
6.890000000000095e-002	8.538474e+000
6.900000000000095e-002	8.533222e+000
6.910000000000095e-002	8.527966e+000
6.920000000000096e-002	8.522707e+000
6.930000000000096e-002	8.517445e+000
6.940000000000096e-002	8.512177e+000
6.950000000000096e-002	8.506907e+000
6.960000000000097e-002	8.501632e+000
6.970000000000097e-002	8.496353e+000
6.980000000000097e-002	8.491071e+000
6.990000000000098e-002	8.485784e+000
7.000000000000098e-002	8.480493e+000
7.010000000000098e-002	8.475198e+000
7.020000000000098e-002	8.469898e+000
7.030000000000099e-002	8.464595e+000
7.040000000000099e-002	8.459288e+000
7.050000000000099e-002	8.453976e+000
7.060000000000100e-002	8.448659e+000
7.070000000000100e-002	8.443338e+000
7.080000000000100e-002	8.438013e+000
7.090000000000100e-002	8.432684e+000
7.100000000000101e-002	8.427349e+000
7.110000000000101e-002	8.422010e+000
7.120000000000101e-002	8.416667e+000
7.130000000000102e-002	8.411320e+000
7.140000000000102e-002	8.405967e+000
7.150000000000102e-002	8.400610e+000
7.160000000000102e-002	8.395247e+000
7.170000000000103e-002	8.389881e+000
7.180000000000103e-002	8.384509e+000
7.190000000000103e-002	8.379132e+000
7.200000000000104e-002	8.373751e+000
7.210000000000104e-002	8.368364e+000
7.220000000000104e-002	8.362973e+000
7.230000000000104e-002	8.357576e+000
7.240000000000105e-002	8.352175e+000
7.250000000000105e-002	8.346768e+000
7.260000000000105e-002	8.341356e+000
7.270000000000106e-002	8.335939e+000
7.280000000000106e-002	8.330518e+000
7.290000000000106e-002	8.325089e+000
7.300000000000106e-002	8.319657e+000
7.310000000000107e-002	8.314219e+000
7.320000000000107e-002	8.308775e+000
7.330000000000107e-002	8.303327e+000
7.340000000000108e-002	8.297872e+000
7.350000000000108e-002	8.292412e+000
7.360000000000108e-002	8.286946e+000
7.370000000000108e-002	8.281475e+000
7.380000000000109e-002	8.275999e+000
7.390000000000109e-002	8.270516e+000
7.400000000000109e-002	8.265028e+000
7.410000000000110e-002	8.259535e+000
7.420000000000110e-002	8.254035e+000
7.430000000000110e-002	8.248529e+000
7.440000000000110e-002	8.243018e+000
7.450000000000111e-002	8.237501e+000
7.460000000000111e-002	8.231977e+000
7.470000000000111e-002	8.226449e+000
7.480000000000112e-002	8.220914e+000
7.490000000000112e-002	8.215373e+000
7.500000000000112e-002	8.209826e+000
7.510000000000112e-002	8.204272e+000
7.520000000000113e-002	8.198712e+000
7.530000000000113e-002	8.193147e+000
7.540000000000113e-002	8.187575e+000
7.550000000000114e-002	8.181997e+000
7.560000000000114e-002	8.176413e+000
7.570000000000114e-002	8.170821e+000
7.580000000000114e-002	8.165224e+000
7.590000000000115e-002	8.159620e+000
7.600000000000115e-002	8.154011e+000
7.610000000000115e-002	8.148394e+000
7.620000000000116e-002	8.142771e+000
7.630000000000116e-002	8.137141e+000
7.640000000000116e-002	8.131505e+000
7.650000000000116e-002	8.125862e+000
7.660000000000117e-002	8.120213e+000
7.670000000000117e-002	8.114556e+000
7.680000000000117e-002	8.108893e+000
7.690000000000118e-002	8.103223e+000
7.700000000000118e-002	8.097547e+000
7.710000000000118e-002	8.091863e+000
7.720000000000118e-002	8.086172e+000
7.730000000000119e-002	8.080475e+000
7.740000000000119e-002	8.074771e+000
7.750000000000119e-002	8.069059e+000
7.760000000000120e-002	8.063341e+000
7.770000000000120e-002	8.057615e+000
7.780000000000120e-002	8.051883e+000
7.790000000000120e-002	8.046143e+000
7.800000000000121e-002	8.040396e+000
7.810000000000121e-002	8.034642e+000
7.820000000000121e-002	8.028880e+000
7.830000000000122e-002	8.023111e+000
7.840000000000122e-002	8.017335e+000
7.850000000000122e-002	8.011552e+000
7.860000000000122e-002	8.005761e+000
7.870000000000123e-002	7.999963e+000
7.880000000000123e-002	7.994157e+000
7.890000000000123e-002	7.988343e+000
7.900000000000124e-002	7.982522e+000
7.910000000000124e-002	7.976694e+000
7.920000000000124e-002	7.970858e+000
7.930000000000124e-002	7.965014e+000
7.940000000000125e-002	7.959163e+000
7.950000000000125e-002	7.953303e+000
7.960000000000125e-002	7.947436e+000
7.970000000000126e-002	7.941561e+000
7.980000000000126e-002	7.935678e+000
7.990000000000126e-002	7.929788e+000
8.000000000000127e-002	7.923890e+000
8.010000000000127e-002	7.917983e+000
8.020000000000127e-002	7.912068e+000
8.030000000000127e-002	7.906146e+000
8.040000000000128e-002	7.900216e+000
8.050000000000128e-002	7.894277e+000
8.060000000000128e-002	7.888330e+000
8.070000000000129e-002	7.882375e+000
8.080000000000129e-002	7.876411e+000
8.090000000000129e-002	7.870440e+000
8.100000000000129e-002	7.864460e+000
8.110000000000130e-002	7.858472e+000
8.120000000000130e-002	7.852476e+000
8.130000000000130e-002	7.846471e+000
8.140000000000131e-002	7.840457e+000
8.150000000000131e-002	7.834435e+000
8.160000000000131e-002	7.828405e+000
8.170000000000131e-002	7.822366e+000
8.180000000000132e-002	7.816319e+000
8.190000000000132e-002	7.810262e+000
8.200000000000132e-002	7.804197e+000
8.210000000000133e-002	7.798124e+000
8.220000000000133e-002	7.792042e+000
8.230000000000133e-002	7.785951e+000
8.240000000000133e-002	7.779850e+000
8.250000000000134e-002	7.773742e+000
8.260000000000134e-002	7.767624e+000
8.270000000000134e-002	7.761497e+000
8.280000000000135e-002	7.755362e+000
8.290000000000135e-002	7.749217e+000
8.300000000000135e-002	7.743063e+000
8.310000000000135e-002	7.736901e+000
8.320000000000136e-002	7.730729e+000
8.330000000000136e-002	7.724548e+000
8.340000000000136e-002	7.718358e+000
8.350000000000137e-002	7.712158e+000
8.360000000000137e-002	7.705949e+000
8.370000000000137e-002	7.699731e+000
8.380000000000137e-002	7.693503e+000
8.390000000000138e-002	7.687266e+000
8.400000000000138e-002	7.681020e+000
8.410000000000138e-002	7.674764e+000
8.420000000000139e-002	7.668499e+000
8.430000000000139e-002	7.662223e+000
8.440000000000139e-002	7.655939e+000
8.450000000000139e-002	7.649644e+000
8.460000000000140e-002	7.643340e+000
8.470000000000140e-002	7.637027e+000
8.480000000000140e-002	7.630703e+000
8.490000000000141e-002	7.624370e+000
8.500000000000141e-002	7.618027e+000
8.510000000000141e-002	7.611673e+000
8.520000000000141e-002	7.605310e+000
8.530000000000142e-002	7.598938e+000
8.540000000000142e-002	7.592555e+000
8.550000000000142e-002	7.586161e+000
8.560000000000143e-002	7.579758e+000
8.570000000000143e-002	7.573345e+000
8.580000000000143e-002	7.566921e+000
8.590000000000143e-002	7.560487e+000
8.600000000000144e-002	7.554043e+000
8.610000000000144e-002	7.547589e+000
8.620000000000144e-002	7.541124e+000
8.630000000000145e-002	7.534649e+000
8.640000000000145e-002	7.528163e+000
8.650000000000145e-002	7.521667e+000
8.660000000000145e-002	7.515161e+000
8.670000000000146e-002	7.508643e+000
8.680000000000146e-002	7.502115e+000
8.690000000000146e-002	7.495577e+000
8.700000000000147e-002	7.489028e+000
8.710000000000147e-002	7.482468e+000
8.720000000000147e-002	7.475897e+000
8.730000000000147e-002	7.469315e+000
8.740000000000148e-002	7.462723e+000
8.750000000000148e-002	7.456119e+000
8.760000000000148e-002	7.449505e+000
8.770000000000149e-002	7.442879e+000
8.780000000000149e-002	7.436243e+000
8.790000000000149e-002	7.429595e+000
8.800000000000149e-002	7.422936e+000
8.810000000000150e-002	7.416266e+000
8.820000000000150e-002	7.409585e+000
8.830000000000150e-002	7.402893e+000
8.840000000000151e-002	7.396189e+000
8.850000000000151e-002	7.389473e+000
8.860000000000151e-002	7.382747e+000
8.870000000000151e-002	7.376009e+000
8.880000000000152e-002	7.369258e+000
8.890000000000152e-002	7.362497e+000
8.900000000000152e-002	7.355724e+000
8.910000000000153e-002	7.348939e+000
8.920000000000153e-002	7.342143e+000
8.930000000000153e-002	7.335335e+000
8.940000000000153e-002	7.328515e+000
8.950000000000154e-002	7.321683e+000
8.960000000000154e-002	7.314839e+000
8.970000000000154e-002	7.307984e+000
8.980000000000155e-002	7.301116e+000
8.990000000000155e-002	7.294236e+000
9.000000000000155e-002	7.287344e+000
9.010000000000155e-002	7.280440e+000
9.020000000000156e-002	7.273524e+000
9.030000000000156e-002	7.266595e+000
9.040000000000156e-002	7.259655e+000
9.050000000000157e-002	7.252701e+000
9.060000000000157e-002	7.245736e+000
9.070000000000157e-002	7.238758e+000
9.080000000000157e-002	7.231767e+000
9.090000000000158e-002	7.224763e+000
9.100000000000158e-002	7.217748e+000
9.110000000000158e-002	7.210719e+000
9.120000000000159e-002	7.203678e+000
9.130000000000159e-002	7.196624e+000
9.140000000000159e-002	7.189557e+000
9.150000000000159e-002	7.182477e+000
9.160000000000160e-002	7.175385e+000
9.170000000000160e-002	7.168279e+000
9.180000000000160e-002	7.161160e+000
9.190000000000161e-002	7.154029e+000
9.200000000000161e-002	7.146884e+000
9.210000000000161e-002	7.139726e+000
9.220000000000161e-002	7.132555e+000
9.230000000000162e-002	7.125370e+000
9.240000000000162e-002	7.118172e+000
9.250000000000162e-002	7.110960e+000
9.260000000000163e-002	7.103735e+000
9.270000000000163e-002	7.096497e+000
9.280000000000163e-002	7.089245e+000
9.290000000000163e-002	7.081979e+000
9.300000000000164e-002	7.074699e+000
9.310000000000164e-002	7.067407e+000
9.320000000000164e-002	7.060100e+000
9.330000000000165e-002	7.052779e+000
9.340000000000165e-002	7.045444e+000
9.350000000000165e-002	7.038095e+000
9.360000000000165e-002	7.030732e+000
9.370000000000166e-002	7.023355e+000
9.380000000000166e-002	7.015965e+000
9.390000000000166e-002	7.008559e+000
9.400000000000167e-002	7.001140e+000
9.410000000000167e-002	6.993706e+000
9.420000000000167e-002	6.986258e+000
9.430000000000167e-002	6.978795e+000
9.440000000000168e-002	6.971318e+000
9.450000000000168e-002	6.963826e+000
9.460000000000168e-002	6.956320e+000
9.470000000000169e-002	6.948799e+000
9.480000000000169e-002	6.941263e+000
9.490000000000169e-002	6.933712e+000
9.500000000000169e-002	6.926147e+000
9.510000000000170e-002	6.918566e+000
9.520000000000170e-002	6.910971e+000
9.530000000000170e-002	6.903360e+000
9.540000000000171e-002	6.895735e+000
9.550000000000171e-002	6.888094e+000
9.560000000000171e-002	6.880438e+000
9.570000000000171e-002	6.872767e+000
9.580000000000172e-002	6.865080e+000
9.590000000000172e-002	6.857378e+000
9.600000000000172e-002	6.849661e+000
9.610000000000173e-002	6.841928e+000
9.620000000000173e-002	6.834179e+000
9.630000000000173e-002	6.826415e+000
9.640000000000173e-002	6.818635e+000
9.650000000000174e-002	6.810839e+000
9.660000000000174e-002	6.803027e+000
9.670000000000174e-002	6.795199e+000
9.680000000000175e-002	6.787355e+000
9.690000000000175e-002	6.779496e+000
9.700000000000175e-002	6.771620e+000
9.710000000000175e-002	6.763728e+000
9.720000000000176e-002	6.755819e+000
9.730000000000176e-002	6.747895e+000
9.740000000000176e-002	6.739954e+000
9.750000000000177e-002	6.731997e+000
9.760000000000177e-002	6.724022e+000
9.770000000000177e-002	6.716032e+000
9.780000000000177e-002	6.708025e+000
9.790000000000178e-002	6.700001e+000
9.800000000000178e-002	6.691960e+000
9.810000000000178e-002	6.683903e+000
9.820000000000179e-002	6.675828e+000
9.830000000000179e-002	6.667737e+000
9.840000000000179e-002	6.659628e+000
9.850000000000179e-002	6.651503e+000
9.860000000000180e-002	6.643361e+000
9.870000000000180e-002	6.635201e+000
9.880000000000180e-002	6.627024e+000
9.890000000000181e-002	6.618829e+000
9.900000000000181e-002	6.610617e+000
9.910000000000181e-002	6.602388e+000
9.920000000000182e-002	6.594141e+000
9.930000000000182e-002	6.585876e+000
9.940000000000182e-002	6.577594e+000
9.950000000000182e-002	6.569294e+000
9.960000000000183e-002	6.560977e+000
9.970000000000183e-002	6.552641e+000
9.980000000000183e-002	6.544288e+000
9.990000000000184e-002	6.535916e+000
1.000000000000018e-001	6.527527e+000
1.001000000000018e-001	6.519120e+000
1.002000000000018e-001	6.510695e+000
1.003000000000019e-001	6.502251e+000
1.004000000000019e-001	6.493789e+000
1.005000000000019e-001	6.485309e+000
1.006000000000019e-001	6.476810e+000
1.007000000000019e-001	6.468294e+000
1.008000000000019e-001	6.459759e+000
1.009000000000019e-001	6.451205e+000
1.010000000000019e-001	6.442634e+000
1.011000000000019e-001	6.434043e+000
1.012000000000019e-001	6.425435e+000
1.013000000000019e-001	6.416807e+000
1.014000000000019e-001	6.408162e+000
1.015000000000019e-001	6.399498e+000
1.016000000000019e-001	6.390815e+000
1.017000000000019e-001	6.382113e+000
1.018000000000019e-001	6.373394e+000
1.019000000000019e-001	6.364656e+000
1.020000000000019e-001	6.355899e+000
1.021000000000019e-001	6.347125e+000
1.022000000000019e-001	6.338332e+000
1.023000000000019e-001	6.329520e+000
1.024000000000019e-001	6.320691e+000
1.025000000000019e-001	6.311844e+000
1.026000000000019e-001	6.302979e+000
1.027000000000019e-001	6.294096e+000
1.028000000000019e-001	6.285196e+000
1.029000000000019e-001	6.276278e+000
1.030000000000019e-001	6.267344e+000
1.031000000000019e-001	6.258393e+000
1.032000000000019e-001	6.249425e+000
1.033000000000019e-001	6.240442e+000
1.034000000000019e-001	6.231442e+000
1.035000000000019e-001	6.222428e+000
1.036000000000019e-001	6.213400e+000
1.037000000000019e-001	6.204357e+000
1.038000000000020e-001	6.195302e+000
1.039000000000020e-001	6.186234e+000
1.040000000000020e-001	6.177154e+000
1.041000000000020e-001	6.168064e+000
1.042000000000020e-001	6.158965e+000
1.043000000000020e-001	6.149858e+000
1.044000000000020e-001	6.140744e+000
1.045000000000020e-001	6.131625e+000
1.046000000000020e-001	6.122503e+000
1.047000000000020e-001	6.113379e+000
1.048000000000020e-001	6.104257e+000
1.049000000000020e-001	6.095138e+000
1.050000000000020e-001	6.086024e+000
1.051000000000020e-001	6.076919e+000
1.052000000000020e-001	6.067825e+000
1.053000000000020e-001	6.058746e+000
1.054000000000020e-001	6.049685e+000
1.055000000000020e-001	6.040646e+000
1.056000000000020e-001	6.031632e+000
1.057000000000020e-001	6.022647e+000
1.058000000000020e-001	6.013694e+000
1.059000000000020e-001	6.004779e+000
1.060000000000020e-001	5.995904e+000
1.061000000000020e-001	5.987074e+000
1.062000000000020e-001	5.978292e+000
1.063000000000020e-001	5.969563e+000
1.064000000000020e-001	5.960888e+000
1.065000000000020e-001	5.952271e+000
1.066000000000020e-001	5.943717e+000
1.067000000000020e-001	5.935225e+000
1.068000000000020e-001	5.926800e+000
1.069000000000020e-001	5.918444e+000
1.070000000000020e-001	5.910158e+000
1.071000000000020e-001	5.901943e+000
1.072000000000020e-001	5.893802e+000
1.073000000000021e-001	5.885734e+000
1.074000000000021e-001	5.877740e+000
1.075000000000021e-001	5.869823e+000
1.076000000000021e-001	5.861980e+000
1.077000000000021e-001	5.854213e+000
1.078000000000021e-001	5.846521e+000
1.079000000000021e-001	5.838905e+000
1.080000000000021e-001	5.831365e+000
1.081000000000021e-001	5.823898e+000
1.082000000000021e-001	5.816506e+000
1.083000000000021e-001	5.809188e+000
1.084000000000021e-001	5.801943e+000
1.085000000000021e-001	5.794770e+000
1.086000000000021e-001	5.787669e+000
1.087000000000021e-001	5.780639e+000
1.088000000000021e-001	5.773679e+000
1.089000000000021e-001	5.766788e+000
1.090000000000021e-001	5.759965e+000
1.091000000000021e-001	5.753210e+000
1.092000000000021e-001	5.746522e+000
1.093000000000021e-001	5.739899e+000
1.094000000000021e-001	5.733341e+000
1.095000000000021e-001	5.726848e+000
1.096000000000021e-001	5.720417e+000
1.097000000000021e-001	5.714048e+000
1.098000000000021e-001	5.707742e+000
1.099000000000021e-001	5.701495e+000
1.100000000000021e-001	5.695309e+000
1.101000000000021e-001	5.689181e+000
1.102000000000021e-001	5.683111e+000
1.103000000000021e-001	5.677098e+000
1.104000000000021e-001	5.671142e+000
1.105000000000021e-001	5.665241e+000
1.106000000000021e-001	5.659395e+000
1.107000000000021e-001	5.653604e+000
1.108000000000022e-001	5.647865e+000
1.109000000000022e-001	5.642179e+000
1.110000000000022e-001	5.636545e+000
1.111000000000022e-001	5.630962e+000
1.112000000000022e-001	5.625430e+000
1.113000000000022e-001	5.619946e+000
1.114000000000022e-001	5.614512e+000
1.115000000000022e-001	5.609127e+000
1.116000000000022e-001	5.603789e+000
1.117000000000022e-001	5.598498e+000
1.118000000000022e-001	5.593254e+000
1.119000000000022e-001	5.588056e+000
1.120000000000022e-001	5.582902e+000
1.121000000000022e-001	5.577793e+000
1.122000000000022e-001	5.572729e+000
1.123000000000022e-001	5.567707e+000
1.124000000000022e-001	5.562729e+000
1.125000000000022e-001	5.557793e+000
1.126000000000022e-001	5.552898e+000
1.127000000000022e-001	5.548045e+000
1.128000000000022e-001	5.543232e+000
1.129000000000022e-001	5.538460e+000
1.130000000000022e-001	5.533728e+000
1.131000000000022e-001	5.529035e+000
1.132000000000022e-001	5.524380e+000
1.133000000000022e-001	5.519763e+000
1.134000000000022e-001	5.515185e+000
1.135000000000022e-001	5.510643e+000
1.136000000000022e-001	5.506139e+000
1.137000000000022e-001	5.501671e+000
1.138000000000022e-001	5.497239e+000
1.139000000000022e-001	5.492843e+000
1.140000000000022e-001	5.488481e+000
1.141000000000022e-001	5.484155e+000
1.142000000000022e-001	5.479862e+000
1.143000000000023e-001	5.475604e+000
1.144000000000023e-001	5.471379e+000
1.145000000000023e-001	5.467187e+000
1.146000000000023e-001	5.463028e+000
1.147000000000023e-001	5.458901e+000
1.148000000000023e-001	5.454807e+000
1.149000000000023e-001	5.450744e+000
1.150000000000023e-001	5.446712e+000
1.151000000000023e-001	5.442712e+000
1.152000000000023e-001	5.438742e+000
1.153000000000023e-001	5.434802e+000
1.154000000000023e-001	5.430892e+000
1.155000000000023e-001	5.427012e+000
1.156000000000023e-001	5.423161e+000
1.157000000000023e-001	5.419339e+000
1.158000000000023e-001	5.415546e+000
1.159000000000023e-001	5.411781e+000
1.160000000000023e-001	5.408044e+000
1.161000000000023e-001	5.404335e+000
1.162000000000023e-001	5.400653e+000
1.163000000000023e-001	5.396999e+000
1.164000000000023e-001	5.393372e+000
1.165000000000023e-001	5.389771e+000
1.166000000000023e-001	5.386197e+000
1.167000000000023e-001	5.382648e+000
1.168000000000023e-001	5.379126e+000
1.169000000000023e-001	5.375629e+000
1.170000000000023e-001	5.372158e+000
1.171000000000023e-001	5.368711e+000
1.172000000000023e-001	5.365290e+000
1.173000000000023e-001	5.361893e+000
1.174000000000023e-001	5.358521e+000
1.175000000000023e-001	5.355172e+000
1.176000000000023e-001	5.351847e+000
1.177000000000023e-001	5.348546e+000
1.178000000000024e-001	5.345269e+000
1.179000000000024e-001	5.342014e+000
1.180000000000024e-001	5.338783e+000
1.181000000000024e-001	5.335574e+000
1.182000000000024e-001	5.332388e+000
1.183000000000024e-001	5.329224e+000
1.184000000000024e-001	5.326082e+000
1.185000000000024e-001	5.322963e+000
1.186000000000024e-001	5.319865e+000
1.187000000000024e-001	5.316788e+000
1.188000000000024e-001	5.313733e+000
1.189000000000024e-001	5.310699e+000
1.190000000000024e-001	5.307685e+000
1.191000000000024e-001	5.304693e+000
1.192000000000024e-001	5.301721e+000
1.193000000000024e-001	5.298769e+000
1.194000000000024e-001	5.295838e+000
1.195000000000024e-001	5.292927e+000
1.196000000000024e-001	5.290035e+000
1.197000000000024e-001	5.287163e+000
1.198000000000024e-001	5.284311e+000
1.199000000000024e-001	5.281478e+000
1.200000000000024e-001	5.278664e+000
1.201000000000024e-001	5.275869e+000
1.202000000000024e-001	5.273093e+000
1.203000000000024e-001	5.270336e+000
1.204000000000024e-001	5.267597e+000
1.205000000000024e-001	5.264876e+000
1.206000000000024e-001	5.262174e+000
1.207000000000024e-001	5.259490e+000
1.208000000000024e-001	5.256823e+000
1.209000000000024e-001	5.254174e+000
1.210000000000024e-001	5.251543e+000
1.211000000000024e-001	5.248930e+000
1.212000000000024e-001	5.246333e+000
1.213000000000025e-001	5.243754e+000
1.214000000000025e-001	5.241191e+000
1.215000000000025e-001	5.238646e+000
1.216000000000025e-001	5.236118e+000
1.217000000000025e-001	5.233606e+000
1.218000000000025e-001	5.231110e+000
1.219000000000025e-001	5.228631e+000
1.220000000000025e-001	5.226168e+000
1.221000000000025e-001	5.223722e+000
1.222000000000025e-001	5.221291e+000
1.223000000000025e-001	5.218875e+000
1.224000000000025e-001	5.216476e+000
1.225000000000025e-001	5.214093e+000
1.226000000000025e-001	5.211724e+000
1.227000000000025e-001	5.209372e+000
1.228000000000025e-001	5.207034e+000
1.229000000000025e-001	5.204711e+000
1.230000000000025e-001	5.202404e+000
1.231000000000025e-001	5.200111e+000
1.232000000000025e-001	5.197833e+000
1.233000000000025e-001	5.195570e+000
1.234000000000025e-001	5.193321e+000
1.235000000000025e-001	5.191087e+000
1.236000000000025e-001	5.188867e+000
1.237000000000025e-001	5.186662e+000
1.238000000000025e-001	5.184470e+000
1.239000000000025e-001	5.182292e+000
1.240000000000025e-001	5.180129e+000
1.241000000000025e-001	5.177979e+000
1.242000000000025e-001	5.175843e+000
1.243000000000025e-001	5.173721e+000
1.244000000000025e-001	5.171612e+000
1.245000000000025e-001	5.169516e+000
1.246000000000025e-001	5.167434e+000
1.247000000000025e-001	5.165365e+000
1.248000000000026e-001	5.163309e+000
1.249000000000026e-001	5.161266e+000
1.250000000000026e-001	5.159236e+000
1.251000000000025e-001	5.157219e+000
1.252000000000025e-001	5.155215e+000
1.253000000000025e-001	5.153224e+000
1.254000000000025e-001	5.151245e+000
1.255000000000025e-001	5.149278e+000
1.256000000000025e-001	5.147324e+000
1.257000000000025e-001	5.145382e+000
1.258000000000025e-001	5.143453e+000
1.259000000000025e-001	5.141535e+000
1.260000000000024e-001	5.139630e+000
1.261000000000024e-001	5.137737e+000
1.262000000000024e-001	5.135856e+000
1.263000000000024e-001	5.133986e+000
1.264000000000024e-001	5.132128e+000
1.265000000000024e-001	5.130282e+000
1.266000000000024e-001	5.128448e+000
1.267000000000024e-001	5.126625e+000
1.268000000000024e-001	5.124813e+000
1.269000000000023e-001	5.123013e+000
1.270000000000023e-001	5.121223e+000
1.271000000000023e-001	5.119446e+000
1.272000000000023e-001	5.117679e+000
1.273000000000023e-001	5.115924e+000
1.274000000000023e-001	5.114179e+000
1.275000000000023e-001	5.112445e+000
1.276000000000023e-001	5.110723e+000
1.277000000000023e-001	5.109011e+000
1.278000000000023e-001	5.107309e+000
1.279000000000022e-001	5.105619e+000
1.280000000000022e-001	5.103939e+000
1.281000000000022e-001	5.102269e+000
1.282000000000022e-001	5.100610e+000
1.283000000000022e-001	5.098961e+000
1.284000000000022e-001	5.097323e+000
1.285000000000022e-001	5.095695e+000
1.286000000000022e-001	5.094077e+000
1.287000000000022e-001	5.092469e+000
1.288000000000021e-001	5.090871e+000
1.289000000000021e-001	5.089283e+000
1.290000000000021e-001	5.087705e+000
1.291000000000021e-001	5.086137e+000
1.292000000000021e-001	5.084579e+000
1.293000000000021e-001	5.083030e+000
1.294000000000021e-001	5.081491e+000
1.295000000000021e-001	5.079962e+000
1.296000000000021e-001	5.078442e+000
1.297000000000020e-001	5.076932e+000
1.298000000000020e-001	5.075431e+000
1.299000000000020e-001	5.073940e+000
1.300000000000020e-001	5.072458e+000
1.301000000000020e-001	5.070985e+000
1.302000000000020e-001	5.069522e+000
1.303000000000020e-001	5.068068e+000
1.304000000000020e-001	5.066622e+000
1.305000000000020e-001	5.065187e+000
1.306000000000019e-001	5.063759e+000
1.307000000000019e-001	5.062341e+000
1.308000000000019e-001	5.060932e+000
1.309000000000019e-001	5.059531e+000
1.310000000000019e-001	5.058140e+000
1.311000000000019e-001	5.056756e+000
1.312000000000019e-001	5.055383e+000
1.313000000000019e-001	5.054017e+000
1.314000000000019e-001	5.052660e+000
1.315000000000018e-001	5.051311e+000
1.316000000000018e-001	5.049972e+000
1.317000000000018e-001	5.048640e+000
1.318000000000018e-001	5.047317e+000
1.319000000000018e-001	5.046002e+000
1.320000000000018e-001	5.044696e+000
1.321000000000018e-001	5.043398e+000
1.322000000000018e-001	5.042108e+000
1.323000000000018e-001	5.040826e+000
1.324000000000017e-001	5.039552e+000
1.325000000000017e-001	5.038287e+000
1.326000000000017e-001	5.037029e+000
1.327000000000017e-001	5.035779e+000
1.328000000000017e-001	5.034538e+000
1.329000000000017e-001	5.033304e+000
1.330000000000017e-001	5.032078e+000
1.331000000000017e-001	5.030860e+000
1.332000000000017e-001	5.029649e+000
1.333000000000016e-001	5.028447e+000
1.334000000000016e-001	5.027252e+000
1.335000000000016e-001	5.026064e+000
1.336000000000016e-001	5.024885e+000
1.337000000000016e-001	5.023713e+000
1.338000000000016e-001	5.022548e+000
1.339000000000016e-001	5.021390e+000
1.340000000000016e-001	5.020241e+000
1.341000000000016e-001	5.019098e+000
1.342000000000015e-001	5.017963e+000
1.343000000000015e-001	5.016836e+000
1.344000000000015e-001	5.015715e+000
1.345000000000015e-001	5.014602e+000
1.346000000000015e-001	5.013495e+000
1.347000000000015e-001	5.012397e+000
1.348000000000015e-001	5.011305e+000
1.349000000000015e-001	5.010220e+000
1.350000000000015e-001	5.009142e+000
1.351000000000014e-001	5.008072e+000
1.352000000000014e-001	5.007008e+000
1.353000000000014e-001	5.005951e+000
1.354000000000014e-001	5.004901e+000
1.355000000000014e-001	5.003859e+000
1.356000000000014e-001	5.002822e+000
1.357000000000014e-001	5.001793e+000
1.358000000000014e-001	5.000770e+000
1.359000000000014e-001	4.999754e+000
1.360000000000013e-001	4.998745e+000
1.361000000000013e-001	4.997743e+000
1.362000000000013e-001	4.996747e+000
1.363000000000013e-001	4.995757e+000
1.364000000000013e-001	4.994774e+000
1.365000000000013e-001	4.993798e+000
1.366000000000013e-001	4.992828e+000
1.367000000000013e-001	4.991865e+000
1.368000000000013e-001	4.990908e+000
1.369000000000012e-001	4.989957e+000
1.370000000000012e-001	4.989013e+000
1.371000000000012e-001	4.988075e+000
1.372000000000012e-001	4.987143e+000
1.373000000000012e-001	4.986217e+000
1.374000000000012e-001	4.985299e+000
1.375000000000012e-001	4.984385e+000
1.376000000000012e-001	4.983479e+000
1.377000000000012e-001	4.982578e+000
1.378000000000011e-001	4.981683e+000
1.379000000000011e-001	4.980795e+000
1.380000000000011e-001	4.979912e+000
1.381000000000011e-001	4.979036e+000
1.382000000000011e-001	4.978166e+000
1.383000000000011e-001	4.977301e+000
1.384000000000011e-001	4.976442e+000
1.385000000000011e-001	4.975590e+000
1.386000000000011e-001	4.974743e+000
1.387000000000010e-001	4.973902e+000
1.388000000000010e-001	4.973067e+000
1.389000000000010e-001	4.972237e+000
1.390000000000010e-001	4.971414e+000
1.391000000000010e-001	4.970596e+000
1.392000000000010e-001	4.969783e+000
1.393000000000010e-001	4.968977e+000
1.394000000000010e-001	4.968176e+000
1.395000000000010e-001	4.967381e+000
1.396000000000010e-001	4.966591e+000
1.397000000000009e-001	4.965807e+000
1.398000000000009e-001	4.965028e+000
1.399000000000009e-001	4.964255e+000
1.400000000000009e-001	4.963488e+000
1.401000000000009e-001	4.962726e+000
1.402000000000009e-001	4.961969e+000
1.403000000000009e-001	4.961218e+000
1.404000000000009e-001	4.960472e+000
1.405000000000009e-001	4.959731e+000
1.406000000000008e-001	4.958996e+000
1.407000000000008e-001	4.958266e+000
1.408000000000008e-001	4.957541e+000
1.409000000000008e-001	4.956822e+000
1.410000000000008e-001	4.956108e+000
1.411000000000008e-001	4.955400e+000
1.412000000000008e-001	4.954696e+000
1.413000000000008e-001	4.953997e+000
1.414000000000008e-001	4.953304e+000
1.415000000000007e-001	4.952615e+000
1.416000000000007e-001	4.951932e+000
1.417000000000007e-001	4.951254e+000
1.418000000000007e-001	4.950581e+000
1.419000000000007e-001	4.949913e+000
1.420000000000007e-001	4.949250e+000
1.421000000000007e-001	4.948592e+000
1.422000000000007e-001	4.947939e+000
1.423000000000007e-001	4.947291e+000
1.424000000000006e-001	4.946648e+000
1.425000000000006e-001	4.946009e+000
1.426000000000006e-001	4.945375e+000
1.427000000000006e-001	4.944747e+000
1.428000000000006e-001	4.944123e+000
1.429000000000006e-001	4.943504e+000
1.430000000000006e-001	4.942890e+000
1.431000000000006e-001	4.942280e+000
1.432000000000006e-001	4.941676e+000
1.433000000000005e-001	4.941076e+000
1.434000000000005e-001	4.940480e+000
1.435000000000005e-001	4.939890e+000
1.436000000000005e-001	4.939304e+000
1.437000000000005e-001	4.938722e+000
1.438000000000005e-001	4.938146e+000
1.439000000000005e-001	4.937573e+000
1.440000000000005e-001	4.937006e+000
1.441000000000005e-001	4.936443e+000
1.442000000000004e-001	4.935884e+000
1.443000000000004e-001	4.935330e+000
1.444000000000004e-001	4.934781e+000
1.445000000000004e-001	4.934236e+000
1.446000000000004e-001	4.933695e+000
1.447000000000004e-001	4.933159e+000
1.448000000000004e-001	4.932628e+000
1.449000000000004e-001	4.932100e+000
1.450000000000004e-001	4.931578e+000
1.451000000000003e-001	4.931059e+000
1.452000000000003e-001	4.930545e+000
1.453000000000003e-001	4.930035e+000
1.454000000000003e-001	4.929530e+000
1.455000000000003e-001	4.929028e+000
1.456000000000003e-001	4.928531e+000
1.457000000000003e-001	4.928039e+000
1.458000000000003e-001	4.927550e+000
1.459000000000003e-001	4.927066e+000
1.460000000000002e-001	4.926586e+000
1.461000000000002e-001	4.926110e+000
1.462000000000002e-001	4.925638e+000
1.463000000000002e-001	4.925170e+000
1.464000000000002e-001	4.924707e+000
1.465000000000002e-001	4.924248e+000
1.466000000000002e-001	4.923792e+000
1.467000000000002e-001	4.923341e+000
1.468000000000002e-001	4.922894e+000
1.469000000000001e-001	4.922451e+000
1.470000000000001e-001	4.922012e+000
1.471000000000001e-001	4.921577e+000
1.472000000000001e-001	4.921146e+000
1.473000000000001e-001	4.920719e+000
1.474000000000001e-001	4.920296e+000
1.475000000000001e-001	4.919877e+000
1.476000000000001e-001	4.919461e+000
1.477000000000001e-001	4.919050e+000
1.478000000000000e-001	4.918643e+000
1.479000000000000e-001	4.918239e+000
1.480000000000000e-001	4.917839e+000
1.481000000000000e-001	4.917443e+000
1.482000000000000e-001	4.917051e+000
1.483000000000000e-001	4.916663e+000
1.484000000000000e-001	4.916279e+000
1.485000000000000e-001	4.915898e+000
1.486000000000000e-001	4.915521e+000
1.486999999999999e-001	4.915148e+000
1.487999999999999e-001	4.914779e+000
1.488999999999999e-001	4.914413e+000
1.489999999999999e-001	4.914052e+000
1.490999999999999e-001	4.913693e+000
1.491999999999999e-001	4.913339e+000
1.492999999999999e-001	4.912988e+000
1.493999999999999e-001	4.912641e+000
1.494999999999999e-001	4.912297e+000
1.495999999999998e-001	4.911957e+000
1.496999999999998e-001	4.911621e+000
1.497999999999998e-001	4.911288e+000
1.498999999999998e-001	4.910959e+000
1.499999999999998e-001	4.910633e+000
1.500999999999998e-001	4.910311e+000
1.501999999999998e-001	4.909992e+000
1.502999999999998e-001	4.909678e+000
1.503999999999998e-001	4.909366e+000
1.504999999999998e-001	4.909058e+000
1.505999999999997e-001	4.908753e+000
1.506999999999997e-001	4.908453e+000
1.507999999999997e-001	4.908155e+000
1.508999999999997e-001	4.907861e+000
1.509999999999997e-001	4.907570e+000
1.510999999999997e-001	4.907282e+000
1.511999999999997e-001	4.906999e+000
1.512999999999997e-001	4.906718e+000
1.513999999999997e-001	4.906441e+000
1.514999999999996e-001	4.906167e+000
1.515999999999996e-001	4.905897e+000
1.516999999999996e-001	4.905630e+000
1.517999999999996e-001	4.905365e+000
1.518999999999996e-001	4.905105e+000
1.519999999999996e-001	4.904848e+000
1.520999999999996e-001	4.904594e+000
1.521999999999996e-001	4.904344e+000
1.522999999999996e-001	4.904096e+000
1.523999999999995e-001	4.903852e+000
1.524999999999995e-001	4.903611e+000
1.525999999999995e-001	4.903373e+000
1.526999999999995e-001	4.903139e+000
1.527999999999995e-001	4.902907e+000
1.528999999999995e-001	4.902679e+000
1.529999999999995e-001	4.902454e+000
1.530999999999995e-001	4.902233e+000
1.531999999999995e-001	4.902014e+000
1.532999999999994e-001	4.901799e+000
1.533999999999994e-001	4.901586e+000
1.534999999999994e-001	4.901377e+000
1.535999999999994e-001	4.901171e+000
1.536999999999994e-001	4.900968e+000
1.537999999999994e-001	4.900768e+000
1.538999999999994e-001	4.900571e+000
1.539999999999994e-001	4.900377e+000
1.540999999999994e-001	4.900186e+000
1.541999999999993e-001	4.899998e+000
1.542999999999993e-001	4.899814e+000
1.543999999999993e-001	4.899632e+000
1.544999999999993e-001	4.899453e+000
1.545999999999993e-001	4.899277e+000
1.546999999999993e-001	4.899105e+000
1.547999999999993e-001	4.898935e+000
1.548999999999993e-001	4.898768e+000
1.549999999999993e-001	4.898604e+000
1.550999999999992e-001	4.898443e+000
1.551999999999992e-001	4.898285e+000
1.552999999999992e-001	4.898129e+000
1.553999999999992e-001	4.897977e+000
1.554999999999992e-001	4.897828e+000
1.555999999999992e-001	4.897681e+000
1.556999999999992e-001	4.897538e+000
1.557999999999992e-001	4.897397e+000
1.558999999999992e-001	4.897259e+000
1.559999999999991e-001	4.897124e+000
1.560999999999991e-001	4.896991e+000
1.561999999999991e-001	4.896862e+000
1.562999999999991e-001	4.896735e+000
1.563999999999991e-001	4.896611e+000
1.564999999999991e-001	4.896490e+000
1.565999999999991e-001	4.896372e+000
1.566999999999991e-001	4.896256e+000
1.567999999999991e-001	4.896143e+000
1.568999999999990e-001	4.896033e+000
1.569999999999990e-001	4.895926e+000
1.570999999999990e-001	4.895822e+000
1.571999999999990e-001	4.895720e+000
1.572999999999990e-001	4.895620e+000
1.573999999999990e-001	4.895524e+000
1.574999999999990e-001	4.895430e+000
1.575999999999990e-001	4.895339e+000
1.576999999999990e-001	4.895250e+000
1.577999999999989e-001	4.895164e+000
1.578999999999989e-001	4.895082e+000
1.579999999999989e-001	4.895001e+000
1.580999999999989e-001	4.894923e+000
1.581999999999989e-001	4.894847e+000
1.582999999999989e-001	4.894775e+000
1.583999999999989e-001	4.894705e+000
1.584999999999989e-001	4.894637e+000
1.585999999999989e-001	4.894572e+000
1.586999999999988e-001	4.894510e+000
1.587999999999988e-001	4.894450e+000
1.588999999999988e-001	4.894393e+000
1.589999999999988e-001	4.894338e+000
1.590999999999988e-001	4.894286e+000
1.591999999999988e-001	4.894237e+000
1.592999999999988e-001	4.894189e+000
1.593999999999988e-001	4.894145e+000
1.594999999999988e-001	4.894103e+000
1.595999999999987e-001	4.894063e+000
1.596999999999987e-001	4.894026e+000
1.597999999999987e-001	4.893991e+000
1.598999999999987e-001	4.893959e+000
1.599999999999987e-001	4.893929e+000
1.600999999999987e-001	4.893902e+000
1.601999999999987e-001	4.893877e+000
1.602999999999987e-001	4.893855e+000
1.603999999999987e-001	4.893835e+000
1.604999999999986e-001	4.893817e+000
1.605999999999986e-001	4.893802e+000
1.606999999999986e-001	4.893789e+000
1.607999999999986e-001	4.893778e+000
1.608999999999986e-001	4.893770e+000
1.609999999999986e-001	4.893764e+000
1.610999999999986e-001	4.893761e+000
1.611999999999986e-001	4.893760e+000
1.612999999999986e-001	4.893762e+000
1.613999999999985e-001	4.893765e+000
1.614999999999985e-001	4.893772e+000
1.615999999999985e-001	4.893780e+000
1.616999999999985e-001	4.893791e+000
1.617999999999985e-001	4.893804e+000
1.618999999999985e-001	4.893819e+000
1.619999999999985e-001	4.893836e+000
1.620999999999985e-001	4.893856e+000
1.621999999999985e-001	4.893878e+000
1.622999999999985e-001	4.893903e+000
1.623999999999984e-001	4.893929e+000
1.624999999999984e-001	4.893958e+000
1.625999999999984e-001	4.893990e+000
1.626999999999984e-001	4.894023e+000
1.627999999999984e-001	4.894058e+000
1.628999999999984e-001	4.894096e+000
1.629999999999984e-001	4.894136e+000
1.630999999999984e-001	4.894178e+000
1.631999999999984e-001	4.894223e+000
1.632999999999983e-001	4.894269e+000
1.633999999999983e-001	4.894319e+000
1.634999999999983e-001	4.894369e+000
1.635999999999983e-001	4.894423e+000
1.636999999999983e-001	4.894478e+000
1.637999999999983e-001	4.894535e+000
1.638999999999983e-001	4.894595e+000
1.639999999999983e-001	4.894657e+000
1.640999999999983e-001	4.894721e+000
1.641999999999982e-001	4.894786e+000
1.642999999999982e-001	4.894855e+000
1.643999999999982e-001	4.894925e+000
1.644999999999982e-001	4.894997e+000
1.645999999999982e-001	4.895072e+000
1.646999999999982e-001	4.895148e+000
1.647999999999982e-001	4.895226e+000
1.648999999999982e-001	4.895307e+000
1.649999999999982e-001	4.895390e+000
1.650999999999981e-001	4.895497e+000
1.651999999999981e-001	4.895663e+000
1.652999999999981e-001	4.895888e+000
1.653999999999981e-001	4.896177e+000
1.654999999999981e-001	4.896531e+000
1.655999999999981e-001	4.896954e+000
1.656999999999981e-001	4.897448e+000
1.657999999999981e-001	4.898016e+000
1.658999999999981e-001	4.898664e+000
1.659999999999980e-001	4.899393e+000
1.660999999999980e-001	4.900207e+000
1.661999999999980e-001	4.901110e+000
1.662999999999980e-001	4.902106e+000
1.663999999999980e-001	4.903200e+000
1.664999999999980e-001	4.904396e+000
1.665999999999980e-001	4.905697e+000
1.666999999999980e-001	4.907111e+000
1.667999999999980e-001	4.908640e+000
1.668999999999979e-001	4.910292e+000
1.669999999999979e-001	4.912071e+000
1.670999999999979e-001	4.913982e+000
1.671999999999979e-001	4.916032e+000
1.672999999999979e-001	4.918228e+000
1.673999999999979e-001	4.920575e+000
1.674999999999979e-001	4.923079e+000
1.675999999999979e-001	4.925749e+000
1.676999999999979e-001	4.928592e+000
1.677999999999978e-001	4.931613e+000
1.678999999999978e-001	4.934823e+000
1.679999999999978e-001	4.938227e+000
1.680999999999978e-001	4.941834e+000
1.681999999999978e-001	4.945653e+000
1.682999999999978e-001	4.949692e+000
1.683999999999978e-001	4.953959e+000
1.684999999999978e-001	4.958466e+000
1.685999999999978e-001	4.963219e+000
1.686999999999977e-001	4.968228e+000
1.687999999999977e-001	4.973505e+000
1.688999999999977e-001	4.979058e+000
1.689999999999977e-001	4.984899e+000
1.690999999999977e-001	4.991036e+000
1.691999999999977e-001	4.997483e+000
1.692999999999977e-001	5.004251e+000
1.693999999999977e-001	5.011350e+000
1.694999999999977e-001	5.018794e+000
1.695999999999976e-001	5.026596e+000
1.696999999999976e-001	5.034769e+000
1.697999999999976e-001	5.043328e+000
1.698999999999976e-001	5.052289e+000
1.699999999999976e-001	5.061667e+000
1.700999999999976e-001	5.071481e+000
1.701999999999976e-001	5.081749e+000
1.702999999999976e-001	5.092493e+000
1.703999999999976e-001	5.103734e+000
1.704999999999975e-001	5.115498e+000
1.705999999999975e-001	5.127813e+000
1.706999999999975e-001	5.140708e+000
1.707999999999975e-001	5.154219e+000
1.708999999999975e-001	5.168383e+000
1.709999999999975e-001	5.183243e+000
1.710999999999975e-001	5.198850e+000
1.711999999999975e-001	5.215261e+000
1.712999999999975e-001	5.232540e+000
1.713999999999974e-001	5.250765e+000
1.714999999999974e-001	5.270025e+000
1.715999999999974e-001	5.290428e+000
1.716999999999974e-001	5.312103e+000
1.717999999999974e-001	5.335208e+000
1.718999999999974e-001	5.359937e+000
1.719999999999974e-001	5.386538e+000
1.720999999999974e-001	5.415330e+000
1.721999999999974e-001	5.446741e+000
1.722999999999973e-001	5.481359e+000
1.723999999999973e-001	5.520037e+000
1.724999999999973e-001	5.564097e+000
1.725999999999973e-001	5.615776e+000
1.726999999999973e-001	5.679467e+000
1.727999999999973e-001	5.766375e+000
1.728999999999973e-001	5.700104e+000
1.729999999999973e-001	5.748121e+000
1.730999999999973e-001	5.799345e+000
1.731999999999973e-001	5.853921e+000
1.732999999999972e-001	5.911966e+000
1.733999999999972e-001	5.973564e+000
1.734999999999972e-001	6.038750e+000
1.735999999999972e-001	6.107512e+000
1.736999999999972e-001	6.179780e+000
1.737999999999972e-001	6.255407e+000
1.738999999999972e-001	6.334185e+000
1.739999999999972e-001	6.415843e+000
1.740999999999972e-001	6.500051e+000
1.741999999999971e-001	6.586424e+000
1.742999999999971e-001	6.674550e+000
1.743999999999971e-001	6.763982e+000
1.744999999999971e-001	6.854250e+000
1.745999999999971e-001	6.944884e+000
1.746999999999971e-001	1.200000e+001
1.747999999999971e-001	1.200000e+001
1.748999999999971e-001	1.200000e+001
1.749999999999971e-001	1.200000e+001
1.750999999999970e-001	1.200000e+001
1.751999999999970e-001	1.200000e+001
1.752999999999970e-001	1.200000e+001
1.753999999999970e-001	1.200000e+001
1.754999999999970e-001	1.200000e+001
1.755999999999970e-001	1.200000e+001
1.756999999999970e-001	1.200000e+001
1.757999999999970e-001	1.200000e+001
1.758999999999970e-001	1.200000e+001
1.759999999999969e-001	1.200000e+001
1.760999999999969e-001	1.200000e+001
1.761999999999969e-001	1.200000e+001
1.762999999999969e-001	1.200000e+001
1.763999999999969e-001	1.200000e+001
1.764999999999969e-001	1.200000e+001
1.765999999999969e-001	1.200000e+001
1.766999999999969e-001	1.200000e+001
1.767999999999969e-001	1.200000e+001
1.768999999999968e-001	1.200000e+001
1.769999999999968e-001	1.200000e+001
1.770999999999968e-001	1.200000e+001
1.771999999999968e-001	1.200000e+001
1.772999999999968e-001	1.200000e+001
1.773999999999968e-001	1.200000e+001
1.774999999999968e-001	1.200000e+001
1.775999999999968e-001	1.200000e+001
1.776999999999968e-001	1.200000e+001
1.777999999999967e-001	1.200000e+001
1.778999999999967e-001	1.200000e+001
1.779999999999967e-001	1.200000e+001
1.780999999999967e-001	1.200000e+001
1.781999999999967e-001	1.200000e+001
1.782999999999967e-001	1.200000e+001
1.783999999999967e-001	1.200000e+001
1.784999999999967e-001	1.200000e+001
1.785999999999967e-001	1.200000e+001
1.786999999999966e-001	1.200000e+001
1.787999999999966e-001	1.200000e+001
1.788999999999966e-001	1.200000e+001
1.789999999999966e-001	1.200000e+001
1.790999999999966e-001	1.200000e+001
1.791999999999966e-001	1.200000e+001
1.792999999999966e-001	1.200000e+001
1.793999999999966e-001	1.200000e+001
1.794999999999966e-001	1.200000e+001
1.795999999999965e-001	1.200000e+001
1.796999999999965e-001	1.200000e+001
1.797999999999965e-001	1.200000e+001
1.798999999999965e-001	1.200000e+001
1.799999999999965e-001	1.200000e+001
1.800999999999965e-001	1.200000e+001
1.801999999999965e-001	1.200000e+001
1.802999999999965e-001	1.200000e+001
1.803999999999965e-001	1.200000e+001
1.804999999999964e-001	1.200000e+001
1.805999999999964e-001	1.200000e+001
1.806999999999964e-001	1.200000e+001
1.807999999999964e-001	1.200000e+001
1.808999999999964e-001	1.200000e+001
1.809999999999964e-001	1.200000e+001
1.810999999999964e-001	1.200000e+001
1.811999999999964e-001	1.200000e+001
1.812999999999964e-001	1.200000e+001
1.813999999999963e-001	1.200000e+001
1.814999999999963e-001	1.200000e+001
1.815999999999963e-001	1.200000e+001
1.816999999999963e-001	1.200000e+001
1.817999999999963e-001	1.200000e+001
1.818999999999963e-001	1.200000e+001
1.819999999999963e-001	1.200000e+001
1.820999999999963e-001	1.200000e+001
1.821999999999963e-001	1.200000e+001
1.822999999999962e-001	1.200000e+001
1.823999999999962e-001	1.200000e+001
1.824999999999962e-001	1.200000e+001
1.825999999999962e-001	1.200000e+001
1.826999999999962e-001	1.200000e+001
1.827999999999962e-001	1.200000e+001
1.828999999999962e-001	1.200000e+001
1.829999999999962e-001	1.200000e+001
1.830999999999962e-001	1.200000e+001
1.831999999999961e-001	1.200000e+001
1.832999999999961e-001	1.200000e+001
1.833999999999961e-001	1.200000e+001
1.834999999999961e-001	1.200000e+001
1.835999999999961e-001	1.200000e+001
1.836999999999961e-001	1.200000e+001
1.837999999999961e-001	1.200000e+001
1.838999999999961e-001	1.200000e+001
1.839999999999961e-001	1.200000e+001
1.840999999999960e-001	1.200000e+001
1.841999999999960e-001	1.200000e+001
1.842999999999960e-001	1.200000e+001
1.843999999999960e-001	1.200000e+001
1.844999999999960e-001	1.200000e+001
1.845999999999960e-001	1.200000e+001
1.846999999999960e-001	1.200000e+001
1.847999999999960e-001	1.200000e+001
1.848999999999960e-001	1.200000e+001
1.849999999999960e-001	1.200000e+001
1.850999999999959e-001	1.200000e+001
1.851999999999959e-001	1.200000e+001
1.852999999999959e-001	1.200000e+001
1.853999999999959e-001	1.200000e+001
1.854999999999959e-001	1.200000e+001
1.855999999999959e-001	1.200000e+001
1.856999999999959e-001	1.200000e+001
1.857999999999959e-001	1.200000e+001
1.858999999999959e-001	1.200000e+001
1.859999999999958e-001	1.200000e+001
1.860999999999958e-001	1.200000e+001
1.861999999999958e-001	1.200000e+001
1.862999999999958e-001	1.200000e+001
1.863999999999958e-001	1.200000e+001
1.864999999999958e-001	1.200000e+001
1.865999999999958e-001	1.200000e+001
1.866999999999958e-001	1.200000e+001
1.867999999999958e-001	1.200000e+001
1.868999999999957e-001	1.200000e+001
1.869999999999957e-001	1.200000e+001
1.870999999999957e-001	1.200000e+001
1.871999999999957e-001	1.200000e+001
1.872999999999957e-001	1.200000e+001
1.873999999999957e-001	1.200000e+001
1.874999999999957e-001	1.200000e+001
1.875999999999957e-001	1.200000e+001
1.876999999999957e-001	1.200000e+001
1.877999999999956e-001	1.200000e+001
1.878999999999956e-001	1.200000e+001
1.879999999999956e-001	1.200000e+001
1.880999999999956e-001	1.200000e+001
1.881999999999956e-001	1.200000e+001
1.882999999999956e-001	1.200000e+001
1.883999999999956e-001	1.200000e+001
1.884999999999956e-001	1.200000e+001
1.885999999999956e-001	1.200000e+001
1.886999999999955e-001	1.200000e+001
1.887999999999955e-001	1.200000e+001
1.888999999999955e-001	1.200000e+001
1.889999999999955e-001	1.200000e+001
1.890999999999955e-001	1.200000e+001
1.891999999999955e-001	1.200000e+001
1.892999999999955e-001	1.200000e+001
1.893999999999955e-001	1.200000e+001
1.894999999999955e-001	1.200000e+001
1.895999999999954e-001	1.200000e+001
1.896999999999954e-001	1.200000e+001
1.897999999999954e-001	1.200000e+001
1.898999999999954e-001	1.200000e+001
1.899999999999954e-001	1.200000e+001
1.900999999999954e-001	1.200000e+001
1.901999999999954e-001	1.200000e+001
1.902999999999954e-001	1.200000e+001
1.903999999999954e-001	1.200000e+001
1.904999999999953e-001	1.200000e+001
1.905999999999953e-001	1.200000e+001
1.906999999999953e-001	1.200000e+001
1.907999999999953e-001	1.200000e+001
1.908999999999953e-001	1.200000e+001
1.909999999999953e-001	1.200000e+001
1.910999999999953e-001	1.200000e+001
1.911999999999953e-001	1.200000e+001
1.912999999999953e-001	1.200000e+001
1.913999999999952e-001	1.200000e+001
1.914999999999952e-001	1.200000e+001
1.915999999999952e-001	1.200000e+001
1.916999999999952e-001	1.200000e+001
1.917999999999952e-001	1.200000e+001
1.918999999999952e-001	1.200000e+001
1.919999999999952e-001	1.200000e+001
1.920999999999952e-001	1.200000e+001
1.921999999999952e-001	1.200000e+001
1.922999999999951e-001	1.200000e+001
1.923999999999951e-001	1.200000e+001
1.924999999999951e-001	1.200000e+001
1.925999999999951e-001	1.200000e+001
1.926999999999951e-001	1.200000e+001
1.927999999999951e-001	1.200000e+001
1.928999999999951e-001	1.200000e+001
1.929999999999951e-001	1.200000e+001
1.930999999999951e-001	1.200000e+001
1.931999999999950e-001	1.200000e+001
1.932999999999950e-001	1.200000e+001
1.933999999999950e-001	1.200000e+001
1.934999999999950e-001	1.200000e+001
1.935999999999950e-001	1.200000e+001
1.936999999999950e-001	1.200000e+001
1.937999999999950e-001	1.200000e+001
1.938999999999950e-001	1.200000e+001
1.939999999999950e-001	1.200000e+001
1.940999999999949e-001	1.200000e+001
1.941999999999949e-001	1.200000e+001
1.942999999999949e-001	1.200000e+001
1.943999999999949e-001	1.200000e+001
1.944999999999949e-001	1.200000e+001
1.945999999999949e-001	1.200000e+001
1.946999999999949e-001	1.200000e+001
1.947999999999949e-001	1.200000e+001
1.948999999999949e-001	1.200000e+001
1.949999999999948e-001	1.200000e+001
1.950999999999948e-001	1.200000e+001
1.951999999999948e-001	1.200000e+001
1.952999999999948e-001	1.200000e+001
1.953999999999948e-001	1.200000e+001
1.954999999999948e-001	1.200000e+001
1.955999999999948e-001	1.200000e+001
1.956999999999948e-001	1.200000e+001
1.957999999999948e-001	1.200000e+001
1.958999999999948e-001	1.200000e+001
1.959999999999947e-001	1.200000e+001
1.960999999999947e-001	1.200000e+001
1.961999999999947e-001	1.200000e+001
1.962999999999947e-001	1.200000e+001
1.963999999999947e-001	1.200000e+001
1.964999999999947e-001	1.200000e+001
1.965999999999947e-001	1.200000e+001
1.966999999999947e-001	1.200000e+001
1.967999999999947e-001	1.200000e+001
1.968999999999946e-001	1.200000e+001
1.969999999999946e-001	1.200000e+001
1.970999999999946e-001	1.200000e+001
1.971999999999946e-001	1.200000e+001
1.972999999999946e-001	1.200000e+001
1.973999999999946e-001	1.200000e+001
1.974999999999946e-001	1.200000e+001
1.975999999999946e-001	1.200000e+001
1.976999999999946e-001	1.200000e+001
1.977999999999945e-001	1.200000e+001
1.978999999999945e-001	1.200000e+001
1.979999999999945e-001	1.200000e+001
1.980999999999945e-001	1.200000e+001
1.981999999999945e-001	1.200000e+001
1.982999999999945e-001	1.200000e+001
1.983999999999945e-001	1.200000e+001
1.984999999999945e-001	1.200000e+001
1.985999999999945e-001	1.200000e+001
1.986999999999944e-001	1.200000e+001
1.987999999999944e-001	1.200000e+001
1.988999999999944e-001	1.200000e+001
1.989999999999944e-001	1.200000e+001
1.990999999999944e-001	1.200000e+001
1.991999999999944e-001	1.200000e+001
1.992999999999944e-001	1.200000e+001
1.993999999999944e-001	1.200000e+001
1.994999999999944e-001	1.200000e+001
1.995999999999943e-001	1.200000e+001
1.996999999999943e-001	1.200000e+001
1.997999999999943e-001	1.200000e+001
1.998999999999943e-001	1.200000e+001
2.000000000000000e-001	1.200000e+001
